2741
5533
982
3996
3633
5401
5667
4221
1677
658
2361
2443
6212
4053
1359
6359
2707
438
5783
4206
5441
1149
307
451
913
409
2614
2762
4049
1527
3123
1237
4514
4133
1919
2315
1585
2782
6258
845
4612
4009
5759
2862
5621
4555
6549
243
6223
3723
3877
1107
6330
4967
1598
1269
3209
3514
6005
295
1147
2133
2115
5394
2640
5251
3210
501
6156
686
5878
5460
3804
2731
767
1485
3990
3763
1017
1727
6326
3171
2683
2875
230
2485
1884
937
5515
5150
2474
1526
5256
5038
4973
2617
2771
1540
3823
4533
5691
5790
4504
2897
292
4764
2619
110
256
5578
1772
323
4710
2792
3311
4857
1455
3879
6546
1504
4437
1322
12
740
5676
6240
2268
5239
5230
6099
2844
818
2140
1888
4755
3425
3207
4175
3648
1061
1025
5896
5090
5153
4468
6535
5971
1696
3198
5129
2967
6295
512
3678
913
3401
4797
66
6315
5093
4572
1019
3263
2170
5220
4440
2337
1957
381
2102
1424
4182
5957
4975
2646
1958
287
2068
1237
4342
5957
2651
3363
1143
4092
1078
6321
1143
3765
1183
3778
5389
722
3090
1359
3915
910
3336
162
1792
3618
1514
3476
6515
4351
587
5746
1674
1533
4381
955
1601
2271
2627
1528
1797
6149
1462
5555
3513
967
3147
3216
1617
5340
935
4251
4124
2390
300
3555
1312
1539
5270
5306
1395
5845
4535
2325
365
6326
5220
683
545
6221
2103
4038
391
2443
27
5897
5227
63
1285
3916
6511
802
2741
293
6046
3229
31
6371
5895
199
1095
3965
6439
3662
629
689
4501
1943
1995
1430
4905
6478
4108
1591
4298
2256
1489
1278
3635
4636
4543
691
4385
5788
1300
3503
6038
6462
4244
4066
2788
4033
2289
4588
5758
4753
4673
6015
359
1399
4604
2255
239
3429
4537
1694
269
5310
1413
1102
4114
2724
258
1704
1948
1755
3773
4962
3012
1792
5319
4234
511
5947
3267
3507
6262
5587
370
4965
1886
1518
3774
6289
1595
2619
6497
1488
4390
2567
1973
4510
3591
3498
6191
3623
1942
5341
4963
4806
6484
5567
2512
5126
5010
2919
3935
3643
1633
2069
3460
1006
3352
3384
2514
4167
3096
533
6428
2261
4567
4183
6443
2012
1316
4854
3410
6024
1174
1643
5672
3604
611
3017
4666
4388
1368
1092
1322
6476
4507
4086
1774
5429
3922
157
2527
3653
3126
5318
1124
3413
1936
6167
2243
1213
856
37
2299
2765
3114
3766
767
2258
5126
5692
3053
2005
3313
507
4175
3524
6001
5542
3851
427
2547
1056
1309
3910
3530
3982
5851
5357
3772
3843
1348
1255
43
365
2518
6068
2461
6021
5777
590
517
4600
2813
697
3448
2086
1714
3389
3441
4898
2809
2043
5791
3047
3189
2851
5768
3857
1628
4958
3930
3000
3728
4462
4893
5259
911
1702
3940
4417
780
4465
2524
5787
4858
509
4383
817
1209
5879
1300
852
2889
3444
5985
5257
1730
1563
745
866
4997
6475
6514
5759
5045
2919
5263
1462
4756
2392
6505
2528
4557
5390
895
926
495
3974
3004
1179
62
5141
1711
5764
578
4938
5076
3850
2294
2501
1469
2403
1428
5384
4330
679
6016
2252
710
1307
1230
6132
2120
6034
516
1398
1570
707
1712
2361
3231
5669
501
5411
955
1454
2202
2973
2250
3421
2853
4740
3856
3231
1220
800
555
6224
498
675
1175
5345
4291
290
5476
2636
5978
3533
5219
3217
5549
5253
1562
5915
4651
236
1724
4492
2636
346
1046
2297
1859
6112
3459
2884
4900
442
4850
506
4561
5249
5797
3997
5352
1680
6540
2719
6339
4972
4016
5468
677
5345
1114
5857
6339
3632
5159
1769
490
1587
6446
914
3685
2405
5889
2297
5933
1775
614
2687
5314
3403
2416
1874
1382
4812
6471
6418
6397
1279
6508
2346
6357
6232
5002
1647
2600
5400
5555
2118
631
3368
2141
3757
5243
6546
1407
2620
1226
5021
4626
1343
3126
4429
4191
2491
5419
5430
2570
5218
5514
6072
2084
2489
2900
5072
5442
175
1921
4590
4152
4090
747
2837
2968
5050
6394
5867
5292
2935
6170
2329
6091
1718
6380
3484
2051
2525
3464
4308
4183
1702
4761
6402
5965
5374
5893
5480
4627
862
6302
6432
5945
1139
4565
974
2325
789
1536
4895
3410
136
5407
5375
4625
5124
1660
2445
136
5459
5181
1146
4185
4853
3434
5303
4478
1886
5720
4947
5107
2974
3174
5687
2803
1261
6016
4224
1315
4175
1523
6214
2867
826
6416
3264
6286
2399
978
5708
6392
5452
1657
1489
1078
4190
1330
4054
498
1634
4987
5946
5734
2414
3208
5538
5147
5399
45
1486
4950
2202
4015
4776
979
2618
2620
4711
583
4341
5465
753
1297
3687
3873
637
2881
4639
3508
6064
5061
5102
6413
1559
6427
934
2800
3243
956
310
3683
4909
1790
831
704
5470
342
554
6549
3980
380
1021
219
5392
5925
1512
1331
246
2999
925
4596
6360
4629
2549
342
4445
5400
4816
5545
4779
2646
1940
5479
518
2384
4774
5049
1715
1199
2244
5618
4896
3804
3940
3240
1491
3614
6401
1395
1908
3415
6151
1791
2694
5589
2942
1016
4471
5203
3217
1155
6246
1627
1850
3825
1958
2166
672
5494
3526
587
2593
1079
1371
5937
3961
1353
905
303
1585
1896
666
3302
230
519
5347
1977
4439
3832
2438
4677
1510
3372
4259
4173
3479
6400
971
3156
5934
4721
384
1548
19
2355
2904
4604
5531
5743
4438
4001
605
5128
1378
2204
4594
2911
3037
775
1460
4460
5235
6279
1517
5998
5870
1183
773
565
1328
5985
3028
4048
6358
2906
5019
6238
3482
3514
2886
1038
1277
5310
6552
4433
2242
1393
4665
2043
6152
3209
5398
4479
5351
2758
3986
4474
1950
6152
776
2824
1908
1751
4963
1774
701
5665
5040
3562
2012
2940
6345
895
5613
1586
3793
5618
1182
136
5165
4871
213
4293
3611
244
453
5426
